$ANSIBLE_VAULT;1.1;AES256
62643638396466316231343464373636373836313666666537333566646234623734376230343065
3366386464323962336634396661356333613533326533300a333737656339643032373534613730
37656436373035393765333561663838313037373364633835393336633330376261626433356139
6430333633303937320a396133396438633263343762366536656363636531373833323734343136
63316566383962346366656166636537626265346432356538656161366235323536383233313033
33333637353864386336386230356161363939633837353033376661376135333437656232393932
66336237306665376338616166333235613635333466303964613535643632303561303130633163
38656265393861623036383431663935656137316366633438643132396665666232326363366638
35316639646337656335306335336335613032373731393764306565373363656532376336366261
62636138323231336533333534656134356537343136316135393362306263326631376534316232
62303633653366643732323763613838323866616535303364666662373338663539383336326436
31623365393736343136396661373061316363363138353731313161303434386333616565303638
37333064373633333664383339353963323737373033333665373965316534373935
