$ANSIBLE_VAULT;1.1;AES256
31353130313638613930666639636462353564666437336337646530336433633033363561343530
6531376564626466363566386435303732646164313333360a363538666538656164613530336338
63383766333335356162633366383734373065343235643533393731656366616661646130623137
3139643366303863380a393365613866653566663135633730373664343762303164333034666331
38623839613037363437383463393963656532333336663463356130303534613633353963333336
66366237313865393364316265613061666430613964346537653365363038613434386330363539
39363134396631313265323830666237626463393934363737316662303265323563616631313934
39366536613238346462333938626361396131623338633763333036316561343465613463366462
63343766363135383833323734643539363633393534393261663232386630343735363536663737
33343531396436366637333430336565653533393232333532326538346434613161643134666166
33366662343239326365626663373064333762353231396166353364636439633436313962613663
31393038663561636236663434376131623032346439383735646237306661353533363431366639
39633064303232386136373263396665323434366432636234313937333735636531
