$ANSIBLE_VAULT;1.1;AES256
38313530303962623033393134613265356331336435663364646632353337613631343133313031
3837343964333030303137333363646661353666613939610a643131336361303234386264356563
63346335333263356562623062353864333433626266303563346134626338613738303638633333
6362326165386462620a386434313731643333313966353061353833633263643763666466393538
36623638386163336535313236626331333836666463636262383166666366333162653562306666
32646232626637626132373732326238343430623434663661663035313632396666363637383531
36663138356665616163323438623330363864663832626435663563323264346666373438313665
61386137366362303466393833373336666165663962303637373661623131633564613735393535
62346363333166316331616237326335353634646533303637663430616663663839323535623163
32643439333432326237386465366461313665636432646264353731326363626435663135646233
66313938656634336561646635623063366465303663326636323263333431643066663536666163
66323830303665313263316337393632346131383537353264613434613535626534666436623237
37313135303433396639623562373636646366356363636632303062343065363535
